0.147
0.017
0.013
0.013
0.073
0.015
0.023
0.024
0.016
0.026
0.038
0.025
0.024
0.035
0.032
0.036
0.023
0.026
0.028
0.023
0.033
0.025
0.03
0.031
0.03
0.032
0.034
0.03
0.031
0.031
0.03
0.029
0.033
0.032
0.031
0.031
0.032
0.032
0.032
0.031
0.032
0.032
0.032
0.033
0.032
0.032
0.033
0.034
0.032
0.031
0.032
0.031
0.033
0.031
0.032
0.031
0.032
0.031
0.032
0.031
0.032
0.032
0.032
0.032
0.106
0.134
0.149
0.086
0.111
0.081
0.08
0.083
0.081
0.14
0.258
0.082
0.079
0.082
0.102
0.039
0.037
0.037
0.037
0.037
0.035
0.035
0.034
0.034
0.034
0.035
0.032
0.033
0.031
0.032
0.03
0.031
0.03
0.031
0.03
0.031
0.03
0.031
0.03
0.031
0.03
0.031
0.03
0.032
0.03
0.032
0.031
0.031
0.03
0.03
0.031
0.03
0.03
0.032
0.03
0.033
0.13
0.06
0.059
0.059
0.058
0.061
0.06
0.061
0.077
0.057
0.058
0.057
0.061
0.057
0.109
0.057
0.058
0.057
0.063
0.067
0.056
0.055
0.055
0.056
0.165
0.053
0.054
0.053
0.055
0.036
0.033
0.033
0.033
0.032
0.033
0.031
0.032
0.032
0.032
0.032
0.032
0.032
0.032
0.032
0.033
0.031
0.032
0.031
0.032
0.03
0.031
0.03
0.032
0.031
0.032
0.031
0.032
0.03
0.032
0.031
0.033
0.03
0.031
0.029
0.045
0.046
0.049
0.203
0.046
0.046
0.046
0.047
0.045
0.102
0.049
0.047
0.045
0.047
0.046
0.047
0.049
0.047
0.047
0.046
0.046
0.047
0.046
0.046
0.046
0.047
0.044
0.044
0.045
0.043
0.044
0.044
0.046
0.043
0.044
0.044
0.041
0.044
0.041
0.043
0.042
0.044
0.043
0.045
0.042
0.034
0.032
0.031
0.031
0.033
0.03
0.032
0.029
0.032
0.031
0.031
0.029
0.03
0.029
0.029
0.038
0.04
0.039
0.037
0.044
0.036
0.038
0.037
0.038
0.039
0.038
0.037
0.038
0.038
0.038
0.04
0.038
0.038
0.06
0.035
0.037
0.038
0.039
0.037
0.038
0.038
0.042
0.038
0.038
0.037
0.039
0.038
0.04
0.038
0.041
0.037
0.038
0.038
0.039
0.037
0.039
0.039
0.039
0.038
0.042
0.037
0.039
0.037
0.037
0.038
0.037
0.036
0.04
0.035
0.034
0.031
0.031
0.029
0.029
0.028
0.033
0.033
0.035
0.034
0.034
0.034
0.033
0.033
0.033
0.033
0.033
0.033
0.031
0.033
0.033
0.033
0.034
0.034
0.033
0.035
0.034
0.034
0.034
0.035
0.034
0.035
0.034
0.035
0.032
0.033
0.033
0.034
0.034
0.034
0.033
0.034
0.033
0.034
0.032
0.033
0.033
0.033
0.033
0.035
0.034
0.034
0.033
0.034
0.033
0.034
0.033
0.034
0.033
0.033
0.031
0.032
0.028
0.028
0.027
0.028
0.034
0.038
0.037
0.035
0.035
0.034
0.035
0.036
0.035
0.035
0.035
0.034
0.034
0.034
0.034
0.033
0.033
0.032
0.033
0.032
0.033
0.033
0.034
0.033
0.035
0.033
0.034
0.034
0.035
0.033
0.034
0.033
0.034
0.032
0.032
0.033
0.033
0.032
0.033
0.032
0.033
0.032
0.033
0.036
0.042
0.031
0.032
0.031
0.032
0.031
0.032
0.031
0.034
0.031
0.03
0.026
0.026
0.024
0.026
0.024
0.03
0.03
0.032
0.031
0.03
0.03
0.03
0.03
0.03
0.031
0.033
0.032
0.032
0.031
0.029
0.031
0.032
0.031
0.029
0.03
0.029
0.03
0.029
0.03
0.03
0.03
0.03
0.031
0.028
0.03
0.029
0.03
0.03
0.031
0.029
0.029
0.028
0.03
0.028
0.029
0.028
0.029
0.028
0.029
0.028
0.03
0.028
0.029
0.029
0.028
0.027
0.028
0.026
0.029
0.025
0.025
0.024
0.025
0.024
0.03
0.031
0.032
0.029
0.031
0.031
0.03
0.031
0.031
0.032
0.03
0.031
0.032
0.032
0.031
0.032
0.031
0.032
0.031
0.03
0.031
0.031
0.03
0.031
0.03
0.031
0.031
0.031
0.031
0.03
0.029
0.03
0.029
0.029
0.03
0.029
0.028
0.029
0.029
0.029
0.029
0.029
0.029
0.03
0.028
0.029
0.028
0.029
0.028
0.029
0.028
0.029
0.027
0.029
0.026
0.026
0.025
0.025
0.025
0.025
0.027
0.028
0.027
0.028
0.026
0.027
0.028
0.028
0.028
0.027
0.028
0.028
0.027
0.027
0.028
0.027
0.027
0.027
0.028
0.027
0.027
0.026
0.027
0.027
0.028
0.026
0.028
0.026
0.027
0.026
0.026
0.026
0.026
0.027
0.026
0.025
0.027
0.026
0.027
0.026
0.026
0.025
0.026
0.025
0.026
0.025
0.026
0.026
0.027
0.027
0.026
0.026
0.026
0.026
0.026
0.025
0.024
maximum : 0.258
minimum : 0.013
mean : 0.037