0.142
0.015
0.013
0.013
0.193
0.016
0.03
0.034
0.016
0.033
0.032
0.034
0.034
0.049
0.047
0.052
0.032
0.036
0.038
0.031
0.043
0.036
0.04
0.043
0.042
0.048
0.047
0.045
0.044
0.044
0.043
0.041
0.045
0.045
0.046
0.044
0.045
0.046
0.045
0.046
0.047
0.047
0.046
0.047
0.051
0.046
0.046
0.046
0.046
0.045
0.046
0.044
0.047
0.045
0.046
0.046
0.046
0.046
0.047
0.046
0.046
0.045
0.047
0.046
0.138
0.143
0.138
0.134
0.132
0.128
0.129
0.134
0.131
0.14
0.168
0.128
0.128
0.244
0.122
0.059
0.055
0.054
0.053
0.051
0.051
0.051
0.05
0.052
0.048
0.052
0.047
0.047
0.043
0.044
0.043
0.044
0.043
0.043
0.043
0.044
0.043
0.044
0.042
0.044
0.042
0.043
0.043
0.044
0.043
0.044
0.043
0.043
0.043
0.043
0.042
0.042
0.043
0.043
0.044
0.047
0.088
0.09
0.089
0.094
0.092
0.094
0.093
0.098
0.12
0.09
0.089
0.089
0.147
0.089
0.089
0.09
0.09
0.091
0.088
0.089
0.088
0.127
0.198
0.084
0.086
0.084
0.09
0.08
0.082
0.05
0.048
0.046
0.046
0.045
0.047
0.045
0.046
0.046
0.046
0.045
0.046
0.045
0.046
0.045
0.046
0.043
0.044
0.043
0.044
0.043
0.043
0.043
0.046
0.045
0.043
0.043
0.045
0.044
0.045
0.044
0.045
0.044
0.045
0.043
0.117
0.072
0.172
0.071
0.07
0.07
0.071
0.072
0.07
0.072
0.078
0.073
0.072
0.071
0.068
0.07
0.07
0.072
0.074
0.07
0.069
0.069
0.07
0.072
0.07
0.07
0.068
0.07
0.07
0.069
0.068
0.066
0.067
0.066
0.066
0.067
0.067
0.066
0.066
0.067
0.074
0.065
0.065
0.066
0.064
0.05
0.046
0.046
0.045
0.045
0.045
0.044
0.043
0.045
0.045
0.046
0.043
0.044
0.042
0.044
0.057
0.059
0.059
0.058
0.057
0.058
0.082
0.057
0.058
0.058
0.059
0.057
0.057
0.057
0.058
0.056
0.058
0.057
0.062
0.056
0.056
0.058
0.058
0.09
0.057
0.056
0.059
0.057
0.058
0.057
0.059
0.058
0.059
0.058
0.058
0.057
0.058
0.058
0.058
0.057
0.059
0.058
0.058
0.057
0.058
0.056
0.058
0.056
0.057
0.057
0.056
0.057
0.058
0.056
0.052
0.046
0.045
0.044
0.046
0.043
0.064
0.049
0.051
0.051
0.052
0.051
0.049
0.05
0.05
0.049
0.05
0.049
0.05
0.049
0.05
0.051
0.049
0.05
0.049
0.05
0.05
0.051
0.049
0.052
0.049
0.051
0.05
0.051
0.049
0.051
0.051
0.051
0.05
0.05
0.05
0.051
0.049
0.05
0.05
0.05
0.049
0.049
0.05
0.05
0.05
0.05
0.048
0.05
0.048
0.048
0.048
0.083
0.047
0.065
0.043
0.041
0.039
0.039
0.039
0.039
0.067
0.054
0.055
0.052
0.052
0.051
0.052
0.052
0.052
0.051
0.051
0.051
0.05
0.05
0.052
0.052
0.053
0.051
0.05
0.051
0.05
0.05
0.053
0.049
0.051
0.05
0.055
0.05
0.052
0.05
0.051
0.049
0.049
0.049
0.05
0.049
0.05
0.049
0.047
0.05
0.051
0.048
0.048
0.046
0.047
0.046
0.048
0.047
0.046
0.047
0.047
0.046
0.048
0.046
0.041
0.037
0.036
0.036
0.036
0.035
0.045
0.044
0.047
0.046
0.044
0.045
0.045
0.045
0.045
0.045
0.044
0.044
0.044
0.044
0.043
0.044
0.044
0.043
0.043
0.043
0.042
0.042
0.042
0.042
0.043
0.044
0.042
0.043
0.041
0.042
0.041
0.042
0.04
0.042
0.041
0.042
0.04
0.041
0.04
0.041
0.04
0.04
0.04
0.04
0.039
0.041
0.038
0.038
0.038
0.039
0.038
0.04
0.038
0.038
0.035
0.033
0.032
0.033
0.032
0.043
0.044
0.045
0.044
0.044
0.044
0.044
0.044
0.044
0.044
0.044
0.045
0.044
0.046
0.044
0.045
0.044
0.046
0.044
0.044
0.043
0.045
0.042
0.044
0.043
0.046
0.043
0.044
0.042
0.042
0.042
0.041
0.04
0.04
0.04
0.04
0.04
0.04
0.04
0.043
0.039
0.042
0.039
0.04
0.04
0.04
0.039
0.039
0.038
0.04
0.039
0.04
0.038
0.042
0.035
0.033
0.031
0.032
0.032
0.032
0.037
0.038
0.037
0.04
0.04
0.038
0.038
0.037
0.038
0.04
0.038
0.038
0.037
0.038
0.038
0.037
0.039
0.037
0.037
0.038
0.038
0.037
0.038
0.037
0.037
0.037
0.037
0.036
0.037
0.037
0.037
0.036
0.036
0.036
0.038
0.035
0.035
0.036
0.036
0.035
0.037
0.036
0.036
0.035
0.036
0.035
0.036
0.035
0.036
0.035
0.036
0.036
0.036
0.036
0.035
0.033
0.034
maximum : 0.244
minimum : 0.013
mean : 0.05267499999999999
median : 0.046